Bitmap v2 Robustness Characterization
Pattern: checkerboard (8x16)
Bands: 784Hz, 1046Hz, 1568Hz, 2093Hz, 2637Hz, 3520Hz, 4186Hz, 5274Hz
Band indices:   B0     B1     B2     B3     B4     B5     B6     B7  

=== White Noise Sweep ===
  SNR (dB)       BER  Per-band BER
----------------------------------------------------------------------
        40    0.0000  [0.00  0.00  0.00  0.00  0.00  0.00  0.00  0.00]
        30    0.0000  [0.00  0.00  0.00  0.00  0.00  0.00  0.00  0.00]
        20    0.0000  [0.00  0.00  0.00  0.00  0.00  0.00  0.00  0.00]
        15    0.0000  [0.00  0.00  0.00  0.00  0.00  0.00  0.00  0.00]
        10    0.0000  [0.00  0.00  0.00  0.00  0.00  0.00  0.00  0.00]
         5    0.0000  [0.00  0.00  0.00  0.00  0.00  0.00  0.00  0.00]
         0    0.0000  [0.00  0.00  0.00  0.00  0.00  0.00  0.00  0.00]
        -5    0.0266  [0.04  0.00  0.01  0.06  0.01  0.01  0.07  0.00] <<<

=== Band-Limited Noise Sweep (cutoff=3000Hz) ===
  SNR (dB)       BER  Per-band BER
----------------------------------------------------------------------
        30    0.0000  [0.00  0.00  0.00  0.00  0.00  0.00  0.00  0.00]
        20    0.0000  [0.00  0.00  0.00  0.00  0.00  0.00  0.00  0.00]
        15    0.0000  [0.00  0.00  0.00  0.00  0.00  0.00  0.00  0.00]
        10    0.0000  [0.00  0.00  0.00  0.00  0.00  0.00  0.00  0.00]
         5    0.0016  [0.00  0.00  0.00  0.00  0.01  0.00  0.00  0.00]
         0    0.1297  [0.26  0.17  0.20  0.17  0.23  0.00  0.00  0.00]

=== Clipping Sweep ===
   Clip at       BER  Per-band BER
----------------------------------------------------------------------
      90%    0.0000  [0.00  0.00  0.00  0.00  0.00  0.00  0.00  0.00]
      70%    0.0000  [0.00  0.00  0.00  0.00  0.00  0.00  0.00  0.00]
      50%    0.0000  [0.00  0.00  0.00  0.00  0.00  0.00  0.00  0.00]
      30%    0.0000  [0.00  0.00  0.00  0.00  0.00  0.00  0.00  0.00]
      20%    0.0000  [0.00  0.00  0.00  0.00  0.00  0.00  0.00  0.00]
      10%    0.0000  [0.00  0.00  0.00  0.00  0.00  0.00  0.00  0.00]

=== Sample Offset Sweep (slot = 2205 samples) ===
    Offset    % slot       BER  Per-band BER
----------------------------------------------------------------------
         0      0.0%    0.0000  [0.00  0.00  0.00  0.00  0.00  0.00  0.00  0.00]
        50      2.3%    0.0000  [0.00  0.00  0.00  0.00  0.00  0.00  0.00  0.00]
       100      4.5%    0.0000  [0.00  0.00  0.00  0.00  0.00  0.00  0.00  0.00]
       200      9.1%    0.0000  [0.00  0.00  0.00  0.00  0.00  0.00  0.00  0.00]
       500     22.7%    0.0000  [0.00  0.00  0.00  0.00  0.00  0.00  0.00  0.00]
      1000     45.4%    0.4688  [0.44  0.50  0.44  0.50  0.44  0.50  0.44  0.50]
      2000     90.7%    0.9609  [0.94  1.00  0.94  0.94  0.94  1.00  0.94  1.00]

=== High-Pass Rolloff Sweep (small speaker sim) ===
Rolloff Hz       BER  Per-band BER
----------------------------------------------------------------------
       200    0.0000  [0.00  0.00  0.00  0.00  0.00  0.00  0.00  0.00]
       500    0.0000  [0.00  0.00  0.00  0.00  0.00  0.00  0.00  0.00]
       800    0.0000  [0.00  0.00  0.00  0.00  0.00  0.00  0.00  0.00]
      1000    0.0000  [0.00  0.00  0.00  0.00  0.00  0.00  0.00  0.00]
      1500    0.0000  [0.00  0.00  0.00  0.00  0.00  0.00  0.00  0.00]
      2000    0.0000  [0.00  0.00  0.00  0.00  0.00  0.00  0.00  0.00]

=== Low-Pass Rolloff Sweep (mic bandwidth sim) ===
Rolloff Hz       BER  Per-band BER
----------------------------------------------------------------------
      8000    0.0000  [0.00  0.00  0.00  0.00  0.00  0.00  0.00  0.00]
      6000    0.0000  [0.00  0.00  0.00  0.00  0.00  0.00  0.00  0.00]
      5000    0.0000  [0.00  0.00  0.00  0.00  0.00  0.00  0.00  0.00]
      4000    0.0000  [0.00  0.00  0.00  0.00  0.00  0.00  0.00  0.00]
      3000    0.0000  [0.00  0.00  0.00  0.00  0.00  0.00  0.00  0.00]
      2000    0.0000  [0.00  0.00  0.00  0.00  0.00  0.00  0.00  0.00]

=== Combined Channel Sweep (HP=500Hz, LP=6000Hz + white noise) ===
  SNR (dB)       BER  Per-band BER
----------------------------------------------------------------------
        40    0.0000  [0.00  0.00  0.00  0.00  0.00  0.00  0.00  0.00]
        30    0.0000  [0.00  0.00  0.00  0.00  0.00  0.00  0.00  0.00]
        20    0.0000  [0.00  0.00  0.00  0.00  0.00  0.00  0.00  0.00]
        15    0.0000  [0.00  0.00  0.00  0.00  0.00  0.00  0.00  0.00]
        10    0.0000  [0.00  0.00  0.00  0.00  0.00  0.00  0.00  0.00]
         5    0.0000  [0.00  0.00  0.00  0.00  0.00  0.00  0.00  0.00]
         0    0.0000  [0.00  0.00  0.00  0.00  0.00  0.00  0.00  0.00]

